adjusted elev i[[0.8307249 ]
 [0.84545404]
 [0.7983208 ]
 [0.8925874 ]
 [0.9249915 ]
 [0.84545404]
 [0.88669574]
 [0.84545404]
 [0.84545404]
 [0.81894153]
 [0.84545404]
 [0.8042124 ]
 [0.8601832 ]
 [0.85723734]
 [0.916154  ]
 [0.7835915 ]
 [0.85723734]
 [1.1282539 ]
 [0.7983208 ]
 [0.82777905]
 [0.86018324]
 [0.7894832 ]
 [0.8042124 ]
 [0.8042124 ]
 [0.810104  ]
 [0.7865374 ]
 [0.810104  ]
 [0.7835915 ]
 [0.8749124 ]
 [0.8483999 ]
 [0.8483999 ]
 [0.89258736]
 [0.810104  ]
 [0.8660749 ]
 [0.8984791 ]
 [0.8984791 ]
 [1.0015832 ]
 [0.8483999 ]
 [0.9043707 ]
 [0.8218874 ]
 [0.8749124 ]
 [0.8248333 ]
 [0.8307249 ]
 [0.81599575]
 [0.8513457 ]
 [0.67754155]
 [0.81599575]
 [0.7128916 ]
 [0.66575825]
 [0.68343323]
 [0.93382907]
 [0.7217291 ]
 [0.82777905]
 [0.8395624 ]
 [0.8130499 ]
 [0.88080406]
 [0.8395624 ]
 [0.83367074]
 [0.8896415 ]
 [0.7806457 ]
 [0.7806457 ]
 [0.98979986]
 [0.73056656]
 [0.7894832 ]
 [0.83367074]
 [0.76886237]
 [0.88080406]
 [0.8749124 ]
 [0.8778582 ]
 [0.8925874 ]
 [0.8984791 ]
 [0.8749124 ]
 [0.9043707 ]
 [0.9249915 ]
 [0.91909987]
 [0.94266653]
 [0.9249915 ]
 [0.7069999 ]
 [0.7776999 ]
 [0.7718082 ]
 [0.7276207 ]
 [0.916154  ]
 [0.7835915 ]
 [0.8248333 ]
 [0.87196654]
 [0.85723734]
 [0.85723734]
 [0.8749124 ]
 [0.87196654]
 [0.810104  ]
 [0.8749124 ]
 [0.8189416 ]
 [0.87196654]
 [0.8425082 ]
 [0.86018324]
 [0.8749124 ]
 [0.80126655]
 [0.7659166 ]
 [0.80126655]
 [0.86018324]
 [0.7835915 ]
 [0.82777905]
 [0.80126655]
 [0.91026235]
 [0.88374984]
 [0.8248333 ]
 [0.8483999 ]
 [0.8130499 ]
 [0.8307249 ]
 [0.916154  ]
 [0.54792494]
 [0.4742791 ]
 [0.8218874 ]
 [0.8984791 ]
 [0.8395624 ]
 [0.8395624 ]
 [0.8218874 ]
 [0.54792494]
 [0.54792494]
 [0.8925874 ]
 [0.48606244]
 [0.8395624 ]
 [0.8130499 ]
 [0.5508708 ]
 [0.54792494]
 [0.5655999 ]
 [1.1017416 ]
 [0.9014249 ]
 [0.91026235]
 [0.85429156]
 [0.85429156]
 [0.88669574]
 [0.88669574]
 [0.7629707 ]
 [0.77180827]
 [1.1400373 ]
 [0.5508708 ]
 [0.9573957 ]
 [0.62157077]
 [0.65986663]
 [0.5655999 ]
 [1.0163124 ]
 [0.64808327]
 [0.81599575]
 [0.8425082 ]
 [0.8218874 ]
 [0.8749124 ]
 [0.8425082 ]
 [0.80715823]
 [0.8690207 ]
 [0.8159957 ]
 [0.8130499 ]
 [0.6510291 ]
 [0.62157077]
 [0.8130499 ]
 [0.66575825]
 [0.8307249 ]
 [0.66575825]
 [0.67754155]
 [0.64808327]
 [0.8248333 ]
 [0.85723734]
 [0.7894832 ]
 [0.810104  ]
 [0.7600249 ]
 [0.7953749 ]
 [0.72467494]
 [0.7541332 ]
 [0.63924575]
 [0.5862208 ]
 [0.72467494]
 [0.6304082 ]
 [0.6304082 ]
 [0.63924575]
 [0.66575825]
 [0.6745957 ]
 [0.64513737]
 [0.67754155]
 [0.76297075]
 [0.67754155]
 [0.7335124 ]
 [0.7894832 ]
 [0.76297075]
 [0.8189416 ]
 [0.8425082 ]
 [0.7894832 ]
 [0.85429156]
 [0.7983208 ]
 [0.82777905]
 [0.7835915 ]
 [0.7953749 ]
 [0.7511874 ]
 [0.7835915 ]
 [0.7423499 ]
 [0.7511874 ]
 [0.7040541 ]
 [0.8749124 ]
 [0.7835915 ]
 [0.85429156]
 [0.81599575]
 [0.8366165 ]
 [0.82777905]
 [0.81599575]
 [0.85723734]
 [0.8307249 ]
 [0.8749124 ]
 [0.81599575]
 [0.87196654]
 [0.82777905]
 [0.8307249 ]
 [0.80715823]
 [0.8366165 ]
 [0.89258736]
 [0.8513457 ]
 [0.88374984]
 [0.8896415 ]
 [0.8159957 ]
 [0.8218874 ]
 [0.85429156]
 [0.8042124 ]
 [0.8218874 ]
 [0.77180827]
 [0.7600249 ]
 [0.7953749 ]
 [0.9544499 ]
 [0.8130499 ]
 [0.8454541 ]
 [0.85723734]
 [0.88080406]
 [0.7659166 ]
 [0.7659166 ]
 [0.8130499 ]
 [0.85723734]
 [0.7894832 ]
 [0.93088317]
 [0.7394041 ]
 [0.8425082 ]
 [0.8483999 ]
 [0.7394041 ]
 [0.7128916 ]
 [0.7659166 ]
 [0.73056656]
 [0.9220457 ]
 [0.8366165 ]
 [0.80715823]
 [0.8955332 ]
 [0.85429156]
 [0.80715823]
 [0.7776999 ]
 [0.8955332 ]
 [0.810104  ]
 [0.80715823]
 [0.8366165 ]
 [0.810104  ]
 [0.8719666 ]
 [0.85723734]
 [0.8395624 ]
 [0.88080406]
 [0.88080406]
 [0.8690207 ]
 [0.8690207 ]
 [0.8690207 ]
 [0.8660749 ]
 [0.88374984]
 [0.88080406]
 [0.8513457 ]
 [0.77475405]
 [0.7983208 ]
 [0.80126655]
 [0.8395624 ]
 [0.8218874 ]
 [0.8778582 ]
 [0.7983208 ]
 [0.90437067]
 [0.8042124 ]
 [0.88669574]
 [0.8749124 ]
 [0.82777905]
 [0.8690207 ]
 [0.88669574]
 [0.77475405]
 [0.85723734]
 [0.7983207 ]
 [0.7894832 ]
 [0.7835915 ]
 [0.89847904]
 [0.81599575]
 [0.8159957 ]
 [0.82777905]
 [0.8395624 ]
 [0.82777905]
 [0.87196654]
 [0.85429156]
 [0.8189416 ]
 [0.82777905]
 [0.7099458 ]
 [0.6598666 ]
 [0.7335124 ]
 [0.7069999 ]
 [0.8395624 ]
 [0.69521654]
 [0.7040541 ]
 [0.7423499 ]
 [0.6893249 ]
 [0.97507066]
 [0.83367074]
 [0.8778582 ]
 [0.84545404]
 [0.8690207 ]
 [0.8896415 ]
 [0.8778582 ]
 [0.8778582 ]
 [0.7894832 ]
 [0.84545404]
 [0.81599575]
 [0.87196654]
 [0.84545404]
 [0.8955332 ]
 [0.87196654]
 [0.91909987]
 [0.58622074]
 [0.8719666 ]
 [0.85429156]
 [0.82777905]
 [1.3079498 ]
 [0.56854576]
 [0.62157077]
 [0.93088317]
 [0.8483999 ]
 [0.8395624 ]
 [0.8366165 ]
 [0.8984791 ]
 [0.8366165 ]
 [0.8690207 ]
 [0.8366165 ]
 [0.8366165 ]
 [0.8483999 ]
 [0.8395624 ]
 [0.74824154]
 [0.84545404]
 [0.7776999 ]
 [0.74529576]
 [0.7394041 ]
 [0.7835915 ]
 [0.8660749 ]
 [0.85723734]
 [0.7776999 ]
 [0.82777905]
 [0.81599575]
 [0.85429156]
 [0.8366165 ]
 [0.74824154]
 [0.7423499 ]
 [0.8218874 ]
 [0.7128916 ]
 [0.74529576]
 [0.9456124 ]
 [0.6952166 ]
 [0.80715823]
 [0.90437067]
 [0.863129  ]
 [0.85723734]
 [0.62157077]
 [0.58622074]
 [0.9573957 ]
 [0.6539749 ]
 [0.89258736]
 [0.96917903]
 [0.8366165 ]
 [0.898479  ]
 [0.8690207 ]
 [0.6952166 ]
 [0.70994574]
 [0.8218874 ]
 [0.95150405]
 [0.6804874 ]
 [0.85429156]
 [0.7983208 ]
 [0.73056656]
 [0.6863791 ]
 [0.6952166 ]
 [0.71878326]
 [0.6893249 ]
 [0.7069999 ]
 [0.69227076]
 [0.6598666 ]
 [0.67754155]
 [0.6687041 ]
 [0.6539749 ]
 [0.6598666 ]
 [0.6893249 ]
 [0.6687041 ]
 [1.0899582 ]
 [0.7011082 ]
 [0.8778582 ]
 [0.91026235]
 [0.8778582 ]
 [0.84545404]
 [0.8778582 ]
 [0.86018324]
 [0.88080406]
 [0.7040541 ]
 [0.8778582 ]
 [0.7069999 ]
 [0.68343323]
 [0.85723734]
 [0.70994574]
 [0.84545404]
 [0.7069999 ]
 [0.7158374 ]
 [0.7069999 ]
 [0.91320825]
 [0.7158374 ]
 [0.7865374 ]
 [0.8660749 ]
 [0.8778582 ]
 [0.8425082 ]
 [0.88080406]
 [0.81599575]
 [0.87196654]
 [0.7511874 ]
 [0.7894832 ]
 [0.76886237]
 [0.7423499 ]
 [0.7158374 ]
 [0.7423499 ]
 [0.94266653]
 [0.7511874 ]
 [0.7158374 ]
 [0.9249915 ]
 [0.85429156]
 [0.8101041 ]
 [0.8660749 ]
 [0.8130499 ]
 [0.8749124 ]
 [0.8483999 ]
 [0.8749124 ]
 [0.8631291 ]
 [0.85429156]
 [0.8660749 ]
 [0.8660749 ]
 [0.88669574]
 [0.8660749 ]
 [0.8984791 ]
 [0.88374984]
 [0.8631291 ]
 [0.8984791 ]
 [0.8690207 ]
 [0.8483999 ]
 [0.8483999 ]
 [0.8690207 ]
 [0.8159957 ]
 [0.78359157]
 [0.8454541 ]
 [0.8218874 ]
 [0.8130499 ]
 [0.8366165 ]
 [0.88080406]
 [0.8218874 ]
 [0.8483999 ]
 [0.8631291 ]
 [0.8366165 ]
 [0.8690207 ]
 [0.88374984]
 [0.8984791 ]
 [0.8690207 ]
 [0.83367074]
 [0.88374984]
 [0.88669574]
 [0.8690207 ]
 [0.91909987]
 [0.8955332 ]
 [0.88669574]
 [0.8366165 ]
 [0.82777905]
 [0.88080406]
 [0.85429156]
 [0.8395624 ]
 [0.88080406]
 [0.63924575]
 [0.62157077]
 [0.6598666 ]
 [0.63924575]
 [0.8395624 ]
 [0.6539749 ]
 [0.6598666 ]
 [0.6863791 ]
 [0.63924575]
 [0.68343323]
 [0.6598666 ]
 [0.7246749 ]
 [0.6893249 ]
 [0.69227076]
 [0.7069999 ]
 [0.7423499 ]
 [0.7423499 ]
 [0.6893249 ]
 [0.68343323]
 [0.7069999 ]
 [0.9308832 ]
 [0.69521654]
 [0.7924291 ]
 [0.84545404]
 [0.82777905]
 [0.81599575]
 [0.8866957 ]
 [0.81599575]
 [0.8778582 ]
 [0.84545404]
 [0.8248333 ]
 [0.80715823]
 [0.81599575]
 [0.6893249 ]
 [0.69521654]
 [0.80715823]
 [0.7924291 ]
 [0.7394041 ]
 [0.7423499 ]
 [0.7394041 ]
 [0.7865374 ]
 [0.74824154]
 [0.8189416 ]
 [0.6893249 ]
 [0.8572374 ]
 [0.74529576]
 [0.78948325]
 [0.8307249 ]
 [0.80715823]
 [0.9102624 ]
 [0.8631291 ]
 [0.8395624 ]
 [0.8778582 ]
 [0.6893249 ]
 [0.7335124 ]
 [0.7011082 ]
 [0.73645824]
 [1.0604999 ]
 [0.7335124 ]
 [0.8896415 ]
 [0.91909987]
 [0.96917903]
 [0.9662332 ]
 [0.89258736]
 [0.9279374 ]
 [0.8307249 ]
 [0.89258736]
 [0.8749124 ]
 [0.9249915 ]
 [0.8690207 ]
 [0.8366165 ]
 [0.88669574]
 [0.74529576]
 [0.7806457 ]
 [0.8248333 ]
 [0.8189416 ]
 [0.8778582 ]
 [0.8248333 ]
 [0.7541332 ]
 [0.77180827]
 [0.77180827]
 [0.74529576]
 [0.7394041 ]
 [0.8366165 ]
 [0.7541332 ]
 [0.986854  ]
 [1.0163124 ]
 [0.9544499 ]
 [0.9456124 ]
 [0.986854  ]
 [0.7983208 ]
 [0.88669574]
 [0.8218874 ]
 [0.8690207 ]
 [0.6628124 ]
 [0.8749124 ]
 [0.9014249 ]
 [0.92499155]
 [0.88080406]
 [0.87196654]
 [0.8631291 ]
 [0.87196654]
 [0.7924291 ]
 [0.8130499 ]
 [0.7776999 ]
 [0.81599575]
 [0.77180827]
 [0.7983207 ]
 [0.898479  ]
 [0.8778582 ]
 [0.86607486]
 [0.88374984]
 [0.8631291 ]
 [0.87196654]
 [0.8778582 ]
 [0.91909987]
 [0.8631291 ]
 [0.94266653]
 [0.91909987]
 [0.8896415 ]
 [0.8366165 ]
 [0.86018324]
 [0.93972075]
 [0.8218874 ]
 [0.8366165 ]
 [0.7924291 ]
 [0.8425082 ]
 [0.8660749 ]
 [0.8307249 ]
 [0.8395624 ]
 [1.0929041 ]
 [0.9544499 ]
 [0.8425082 ]
 [0.81599575]
 [0.86018324]
 [0.8454541 ]
 [1.0811207 ]
 [0.8749124 ]
 [0.86018324]
 [1.0516624 ]
 [0.8955332 ]
 [0.9485582 ]
 [1.0074749 ]
 [0.97801656]
 [0.9573957 ]
 [0.9485582 ]
 [1.0074749 ]
 [0.9662332 ]
 [0.9573957 ]
 [1.1960082 ]
 [0.9485582 ]
 [1.0663915 ]
 [0.9662332 ]
 [0.9279374 ]
 [1.2136831 ]
 [0.9485582 ]
 [0.91320825]
 [1.234304  ]
 [0.9279374 ]
 [0.8955332 ]
 [1.2490332 ]
 [0.8749124 ]
 [0.91320825]
 [1.0663915 ]
 [1.0663915 ]
 [1.0663916 ]
 [0.81599575]
 [0.7953749 ]
 [0.87196654]
 [0.8749124 ]
 [0.8896415 ]
 [0.9073165 ]
 [0.80715823]
 [0.9190998 ]
 [0.77475405]
 [0.76886237]
 [0.88080406]
 [0.83367074]
 [0.9544499 ]
 [0.8896415 ]
 [0.8749124 ]
 [0.8366165 ]
 [0.93382907]
 [0.8896415 ]
 [0.8749124 ]
 [0.87196654]
 [0.9750707 ]
 [0.89847904]
 [0.96328735]
 [0.9485582 ]
 [0.97801656]
 [0.96328735]
 [0.9868541 ]
 [0.99863744]
 [1.0163124 ]
 [0.9249915 ]
 [0.9662332 ]
 [0.9662332 ]
 [0.97801656]
 [0.90731657]
 [0.9249915 ]
 [0.9927457 ]
 [0.97801656]
 [0.898479  ]
 [0.9249915 ]
 [0.9927457 ]
 [1.1223624 ]
 [1.0192583 ]
 [1.0339873 ]
 [1.0015832 ]
 [1.1164707 ]
 [1.0310415 ]
 [1.0457706 ]
 [1.0163124 ]
 [1.1223624 ]
 [1.0516624 ]
 [1.0546081 ]
 [1.0310415 ]
 [1.1017416 ]
 [1.057554  ]
 [0.88080406]
 [0.8778582 ]
 [0.9456124 ]
 [1.1606581 ]
 [1.0015832 ]
 [0.58622074]
 [0.48606244]]